176, 182, 171, 172, 174, 173, 181, 170, 165
176, 182, 172, 175, 175, 173, 182, 170, 162
175, 182, 172, 172, 174, 173, 181, 170, 162
176, 182, 172, 172, 174, 173, 181, 171, 165
176, 182, 172, 175, 174, 173, 181, 169, 163
176, 183, 172, 172, 174, 174, 181, 170, 164
176, 182, 172, 172, 174, 173, 181, 170, 165
176, 183, 172, 172, 174, 174, 181, 169, 163
176, 183, 172, 172, 174, 173, 181, 170, 166
176, 182, 172, 172, 174, 173, 181, 170, 163
176, 182, 172, 172, 174, 173, 182, 169, 163
176, 182, 172, 175, 174, 174, 181, 170, 165
176, 182, 172, 172, 174, 173, 182, 170, 165
176, 182, 172, 172, 174, 174, 181, 170, 165
176, 183, 172, 172, 174, 173, 181, 170, 163
176, 182, 171, 175, 174, 173, 181, 169, 165
175, 182, 172, 172, 175, 173, 182, 170, 162
176, 182, 171, 175, 174, 175, 181, 170, 163
175, 182, 172, 175, 174, 173, 182, 170, 164
175, 182, 172, 175, 176, 173, 181, 170, 163
176, 182, 172, 173, 174, 173, 181, 169, 164
177, 183, 172, 172, 174, 173, 182, 170, 165
176, 183, 172, 172, 174, 173, 181, 170, 163
175, 182, 172, 172, 174, 173, 181, 169, 165
176, 183, 172, 172, 176, 173, 182, 170, 163
174, 182, 172, 174, 174, 173, 181, 169, 163
175, 183, 172, 172, 174, 173, 181, 170, 165
176, 183, 172, 172, 174, 173, 181, 170, 162
176, 182, 172, 175, 174, 173, 181, 170, 163
176, 182, 172, 172, 174, 173, 182, 170, 165
176, 182, 172, 172, 174, 173, 181, 170, 165
176, 182, 172, 172, 174, 173, 181, 169, 165
175, 183, 171, 174, 174, 173, 181, 170, 166
176, 183, 171, 172, 174, 173, 181, 170, 166
175, 182, 171, 172, 174, 173, 181, 170, 164
175, 183, 173, 175, 174, 173, 181, 170, 165
176, 183, 171, 175, 174, 174, 181, 169, 164
175, 183, 172, 172, 175, 173, 182, 170, 165
175, 183, 172, 174, 174, 173, 182, 170, 163
175, 182, 172, 172, 174, 173, 181, 170, 164
176, 182, 172, 174, 174, 173, 181, 170, 165
175, 182, 171, 172, 174, 173, 181, 170, 162
176, 183, 172, 172, 174, 173, 182, 170, 165
176, 182, 172, 172, 174, 173, 181, 170, 166
176, 182, 172, 172, 174, 173, 182, 170, 165
178, 182, 172, 174, 174, 173, 181, 170, 165
176, 182, 172, 175, 174, 173, 181, 170, 164
176, 183, 172, 172, 174, 174, 181, 170, 165
176, 182, 172, 172, 174, 173, 181, 170, 165
175, 182, 172, 175, 174, 173, 182, 170, 165
175, 182, 172, 174, 174, 173, 181, 170, 164
176, 182, 172, 172, 174, 173, 181, 170, 165
175, 182, 172, 174, 174, 173, 181, 169, 164
175, 182, 171, 172, 174, 173, 181, 170, 163
175, 182, 174, 172, 174, 173, 181, 170, 163
176, 182, 172, 172, 174, 173, 181, 170, 165
175, 182, 172, 175, 176, 174, 182, 170, 166
176, 182, 172, 172, 174, 173, 181, 170, 163
176, 182, 172, 175, 174, 174, 181, 170, 165
176, 183, 172, 175, 174, 173, 182, 170, 163
175, 182, 172, 175, 174, 174, 181, 170, 163
176, 183, 172, 172, 174, 173, 181, 170, 164
176, 182, 172, 175, 174, 174, 181, 170, 165
176, 182, 172, 172, 174, 173, 182, 170, 165
176, 183, 171, 174, 174, 174, 181, 170, 165
175, 182, 172, 174, 174, 174, 181, 169, 164
175, 182, 172, 172, 174, 173, 181, 170, 165
176, 183, 172, 172, 174, 173, 182, 170, 164
176, 182, 172, 172, 174, 173, 182, 170, 163
176, 182, 171, 175, 174, 174, 181, 170, 163
176, 182, 172, 172, 175, 174, 181, 170, 163
175, 182, 172, 174, 174, 173, 181, 170, 164
176, 182, 172, 175, 174, 173, 181, 170, 165
175, 183, 172, 175, 174, 173, 181, 170, 163
174, 183, 172, 175, 174, 173, 181, 170, 163
176, 182, 172, 172, 174, 173, 181, 169, 166
176, 182, 170, 175, 175, 174, 181, 170, 163
175, 183, 172, 172, 174, 173, 181, 169, 166
176, 182, 172, 175, 174, 174, 181, 170, 165
175, 183, 172, 173, 174, 173, 181, 169, 165
176, 182, 172, 175, 174, 173, 181, 170, 165
176, 183, 172, 176, 174, 173, 181, 170, 163
176, 182, 172, 175, 174, 173, 182, 170, 163
175, 182, 170, 173, 174, 174, 181, 170, 165
176, 182, 172, 173, 174, 173, 181, 170, 163
175, 182, 172, 175, 174, 173, 181, 170, 165
176, 182, 172, 176, 174, 173, 181, 170, 165
175, 182, 172, 176, 174, 173, 181, 170, 162
176, 182, 172, 175, 174, 174, 182, 170, 164
176, 182, 172, 176, 174, 174, 182, 170, 165
176, 183, 172, 173, 174, 174, 182, 170, 165
176, 182, 171, 173, 174, 173, 181, 170, 165
176, 182, 172, 175, 174, 173, 181, 169, 166
176, 182, 172, 173, 174, 173, 181, 170, 166
176, 183, 172, 173, 174, 174, 181, 170, 165
176, 183, 172, 173, 175, 173, 181, 171, 162
176, 183, 172, 173, 174, 173, 181, 170, 163
176, 183, 172, 173, 174, 173, 181, 170, 163
176, 183, 172, 175, 174, 173, 181, 170, 164
176, 182, 172, 175, 174, 175, 182, 170, 162
176, 183, 172, 173, 175, 173, 181, 169, 163
176, 182, 172, 176, 174, 173, 181, 170, 163
176, 182, 172, 176, 174, 173, 181, 170, 166
176, 182, 172, 175, 174, 173, 181, 170, 163
175, 182, 172, 176, 174, 173, 181, 170, 163
175, 182, 171, 176, 174, 173, 181, 170, 165
175, 182, 172, 175, 174, 173, 182, 170, 163
176, 182, 172, 173, 174, 173, 181, 170, 165
175, 182, 172, 173, 174, 173, 182, 171, 164
176, 182, 172, 175, 174, 173, 182, 170, 165
177, 182, 172, 173, 174, 173, 182, 170, 165
175, 183, 172, 173, 174, 173, 181, 170, 165
176, 182, 171, 173, 174, 173, 181, 171, 163
176, 183, 172, 173, 174, 173, 181, 169, 166
176, 182, 172, 173, 174, 173, 181, 170, 164
176, 182, 172, 173, 174, 173, 181, 170, 163
176, 182, 172, 173, 174, 172, 181, 170, 163
176, 183, 173, 173, 174, 173, 181, 170, 164
176, 183, 172, 173, 174, 173, 181, 170, 165
175, 182, 171, 173, 174, 173, 182, 170, 165
176, 182, 172, 173, 174, 172, 181, 169, 165
175, 182, 172, 175, 174, 173, 181, 170, 166
175, 182, 172, 173, 174, 173, 181, 170, 163
176, 182, 172, 175, 174, 173, 181, 169, 163
175, 182, 170, 173, 174, 172, 181, 170, 165
175, 182, 172, 173, 175, 172, 182, 171, 165
176, 182, 172, 173, 174, 172, 181, 170, 166
175, 182, 172, 173, 174, 172, 182, 170, 162
176, 182, 172, 173, 174, 172, 182, 170, 165
176, 182, 172, 175, 174, 173, 181, 170, 163
175, 182, 172, 173, 174, 172, 181, 170, 165
176, 182, 172, 173, 174, 173, 181, 170, 165
176, 182, 171, 176, 174, 172, 181, 169, 165
176, 182, 172, 173, 174, 172, 182, 170, 166
176, 183, 172, 173, 174, 172, 181, 170, 165
176, 183, 172, 173, 174, 172, 181, 170, 165
177, 183, 170, 176, 176, 173, 181, 169, 164
176, 183, 172, 173, 174, 173, 181, 170, 164
176, 182, 171, 173, 176, 173, 181, 170, 165
178, 183, 172, 173, 173, 174, 182, 170, 165
174, 183, 172, 173, 174, 173, 181, 169, 166
177, 182, 172, 173, 174, 173, 181, 170, 164
176, 182, 171, 173, 176, 173, 181, 170, 166
176, 183, 172, 175, 174, 173, 181, 170, 166
176, 182, 172, 173, 175, 173, 182, 170, 167
176, 183, 171, 175, 174, 175, 181, 170, 166
176, 182, 172, 173, 174, 174, 181, 170, 165
175, 182, 172, 173, 174, 173, 181, 171, 164
176, 182, 172, 173, 174, 173, 181, 170, 165
175, 183, 172, 173, 174, 173, 181, 170, 166
175, 182, 172, 173, 174, 174, 182, 169, 166
176, 183, 172, 173, 174, 173, 181, 170, 166
175, 183, 172, 173, 174, 173, 181, 170, 164
176, 182, 172, 176, 174, 174, 182, 170, 166
175, 183, 172, 173, 174, 173, 181, 170, 164
176, 182, 172, 173, 174, 173, 182, 170, 166
176, 182, 172, 173, 174, 173, 181, 170, 166
176, 183, 172, 173, 174, 173, 181, 170, 165
174, 183, 172, 175, 174, 173, 182, 170, 166
175, 182, 172, 173, 174, 173, 182, 170, 166
176, 182, 172, 173, 174, 173, 181, 169, 166
176, 182, 171, 176, 174, 174, 181, 171, 165
176, 182, 172, 173, 174, 173, 181, 169, 164
176, 182, 172, 173, 175, 173, 181, 169, 164
176, 182, 172, 173, 174, 173, 181, 170, 166
177, 182, 172, 176, 174, 173, 181, 170, 164
175, 183, 172, 172, 174, 173, 181, 170, 165
175, 183, 172, 172, 174, 173, 181, 170, 164
176, 182, 172, 174, 176, 173, 181, 171, 165
176, 183, 171, 174, 174, 174, 181, 170, 164
176, 182, 171, 172, 174, 174, 181, 170, 163
176, 182, 172, 172, 176, 173, 181, 170, 167
176, 182, 171, 174, 174, 173, 182, 170, 168
174, 182, 172, 172, 174, 174, 181, 170, 166
176, 182, 171, 172, 174, 174, 181, 170, 166
176, 183, 173, 174, 174, 173, 181, 170, 166
176, 183, 172, 171, 174, 174, 181, 170, 166
176, 182, 172, 174, 174, 173, 181, 169, 164
176, 183, 172, 172, 174, 173, 181, 170, 166
176, 182, 172, 175, 174, 173, 181, 170, 164
176, 183, 172, 174, 174, 173, 181, 170, 165
176, 182, 172, 172, 174, 173, 181, 170, 166
176, 183, 172, 175, 174, 173, 181, 170, 164
176, 183, 172, 172, 174, 173, 181, 170, 166
175, 182, 172, 172, 174, 174, 181, 170, 166
176, 182, 172, 172, 175, 173, 181, 170, 166
176, 182, 172, 172, 174, 173, 181, 170, 166
176, 182, 172, 174, 174, 173, 181, 170, 166
176, 182, 172, 175, 174, 173, 181, 170, 166
177, 182, 172, 174, 174, 173, 182, 170, 164
176, 183, 172, 174, 174, 173, 181, 170, 165
176, 182, 171, 175, 174, 173, 181, 170, 167
176, 182, 172, 175, 174, 173, 182, 170, 166
176, 183, 172, 174, 174, 174, 181, 170, 164
176, 183, 171, 175, 174, 173, 182, 171, 166
177, 182, 172, 175, 174, 174, 181, 170, 165
175, 182, 171, 172, 174, 174, 181, 169, 165
176, 182, 172, 175, 174, 173, 181, 170, 164
175, 183, 172, 174, 174, 173, 182, 170, 165
176, 182, 172, 175, 174, 173, 181, 170, 163
176, 182, 171, 172, 174, 173, 181, 170, 165
176, 183, 171, 174, 174, 173, 182, 171, 165
176, 183, 172, 172, 174, 173, 182, 170, 163
176, 182, 172, 172, 174, 173, 181, 171, 163
176, 182, 172, 174, 176, 173, 181, 171, 164
175, 183, 171, 172, 174, 174, 181, 171, 162
176, 182, 172, 172, 174, 173, 181, 171, 165
176, 182, 172, 173, 174, 173, 182, 171, 163
176, 182, 172, 172, 176, 173, 182, 170, 164
175, 182, 172, 175, 174, 173, 181, 171, 165
176, 182, 172, 172, 175, 173, 182, 171, 165
176, 182, 172, 175, 175, 173, 181, 171, 163
176, 182, 172, 172, 174, 175, 181, 171, 165
176, 182, 171, 174, 174, 173, 182, 172, 165
176, 182, 172, 174, 174, 173, 181, 170, 163
175, 182, 172, 174, 175, 173, 181, 171, 165
176, 182, 171, 172, 174, 173, 181, 171, 165
176, 182, 173, 172, 174, 173, 181, 171, 165
176, 182, 172, 175, 174, 175, 181, 171, 164
176, 183, 172, 174, 174, 173, 181, 171, 165
176, 182, 172, 174, 174, 173, 181, 171, 165
175, 182, 171, 175, 174, 173, 181, 171, 163
176, 182, 172, 174, 175, 173, 181, 172, 163
176, 182, 172, 175, 174, 173, 181, 171, 165
176, 182, 171, 175, 174, 175, 181, 171, 165
176, 183, 171, 172, 174, 173, 181, 172, 165
176, 183, 172, 175, 174, 173, 181, 171, 165
176, 182, 171, 174, 174, 173, 182, 170, 163
175, 182, 172, 172, 174, 173, 181, 171, 164
176, 182, 172, 174, 174, 173, 181, 171, 163
175, 182, 172, 175, 174, 173, 181, 172, 163
176, 182, 172, 175, 174, 173, 181, 171, 165
176, 182, 172, 172, 173, 173, 181, 171, 165
175, 183, 171, 172, 174, 173, 181, 170, 165
175, 182, 171, 175, 173, 174, 181, 171, 163
176, 182, 171, 174, 173, 173, 181, 173, 165
175, 182, 171, 174, 173, 173, 181, 171, 163
175, 182, 171, 174, 173, 174, 181, 171, 165
175, 182, 172, 175, 173, 173, 181, 171, 165
175, 182, 172, 172, 173, 173, 181, 171, 164
176, 182, 172, 172, 173, 174, 182, 171, 166
175, 183, 172, 175, 173, 173, 181, 171, 165
176, 182, 172, 175, 176, 173, 182, 171, 164
176, 182, 172, 175, 174, 173, 181, 171, 163
175, 182, 172, 172, 174, 173, 181, 171, 165
176, 182, 172, 172, 175, 173, 181, 171, 166
175, 182, 173, 175, 174, 173, 181, 171, 165
176, 182, 172, 175, 176, 173, 181, 171, 165
175, 182, 172, 172, 174, 173, 181, 171, 166
176, 182, 172, 175, 176, 173, 182, 171, 166
175, 182, 172, 174, 176, 173, 181, 171, 163
176, 182, 172, 172, 174, 173, 181, 172, 163
175, 182, 172, 172, 174, 173, 181, 171, 165
176, 183, 172, 172, 174, 173, 181, 170, 165
176, 183, 172, 172, 174, 173, 181, 169, 163
176, 182, 172, 172, 175, 173, 181, 172, 165
174, 182, 172, 174, 174, 173, 181, 171, 165
176, 182, 172, 172, 174, 173, 181, 171, 166
176, 182, 171, 175, 174, 173, 181, 171, 165
176, 182, 172, 172, 174, 173, 181, 171, 166
175, 182, 171, 175, 174, 173, 182, 171, 166
176, 183, 172, 172, 174, 173, 181, 171, 166
176, 182, 172, 175, 174, 173, 181, 172, 163
176, 182, 172, 175, 174, 173, 181, 171, 162
174, 182, 172, 175, 174, 173, 181, 171, 165
175, 183, 171, 172, 175, 173, 181, 171, 165
175, 182, 172, 172, 174, 174, 181, 170, 163
175, 183, 171, 172, 174, 173, 181, 171, 166
175, 182, 171, 175, 174, 173, 182, 171, 165
175, 182, 172, 172, 174, 173, 181, 171, 163
174, 183, 172, 175, 174, 173, 181, 171, 165
175, 183, 172, 175, 174, 174, 181, 171, 166
175, 182, 172, 172, 174, 173, 181, 171, 166
175, 183, 172, 174, 174, 173, 181, 171, 165
175, 183, 171, 172, 175, 174, 182, 170, 167
175, 182, 171, 174, 174, 174, 182, 171, 166
174, 182, 172, 174, 174, 174, 181, 171, 166
175, 182, 173, 174, 174, 173, 182, 171, 165
175, 182, 172, 172, 174, 173, 181, 171, 166
176, 182, 172, 172, 174, 173, 182, 171, 166
175, 182, 172, 172, 174, 173, 181, 171, 165
175, 183, 172, 172, 174, 173, 181, 171, 165
174, 183, 172, 175, 173, 173, 181, 170, 166
175, 182, 173, 174, 173, 173, 182, 171, 166
174, 183, 172, 175, 173, 173, 181, 170, 166
174, 183, 172, 172, 173, 173, 181, 172, 166
176, 183, 172, 175, 173, 173, 181, 171, 166
174, 183, 172, 172, 173, 173, 182, 171, 166
175, 183, 172, 172, 173, 173, 181, 170, 166
176, 182, 171, 172, 173, 173, 181, 171, 164
175, 182, 171, 175, 174, 173, 181, 171, 166
176, 183, 171, 174, 173, 174, 181, 170, 164
176, 183, 171, 175, 173, 174, 181, 171, 166
175, 183, 170, 175, 173, 173, 181, 171, 164
176, 183, 172, 172, 173, 173, 181, 171, 166
176, 182, 172, 172, 173, 172, 181, 171, 163
176, 182, 171, 175, 173, 172, 181, 170, 165
175, 183, 171, 172, 175, 172, 181, 171, 164
174, 182, 171, 172, 173, 172, 181, 170, 166
174, 183, 172, 174, 173, 173, 181, 171, 164
175, 182, 171, 174, 173, 172, 181, 170, 163
175, 182, 172, 174, 173, 174, 181, 170, 166
175, 182, 172, 175, 173, 172, 181, 171, 166
175, 183, 172, 172, 173, 172, 181, 171, 166
174, 182, 173, 172, 173, 172, 181, 170, 164
175, 182, 172, 174, 173, 173, 181, 172, 164
175, 182, 172, 174, 173, 174, 182, 172, 166
175, 182, 172, 175, 174, 173, 181, 170, 165
176, 183, 171, 174, 173, 173, 181, 171, 165
175, 182, 172, 175, 174, 173, 181, 170, 167
175, 182, 171, 172, 173, 174, 181, 171, 165
175, 183, 171, 172, 173, 174, 181, 170, 166
176, 183, 172, 172, 174, 174, 181, 171, 164
177, 183, 172, 175, 173, 173, 181, 171, 164
175, 182, 172, 172, 174, 173, 182, 171, 166
175, 183, 172, 175, 173, 173, 181, 171, 164
176, 183, 172, 175, 173, 172, 181, 171, 166
176, 182, 172, 172, 173, 172, 181, 171, 164
175, 182, 172, 172, 173, 173, 181, 172, 164
177, 183, 172, 175, 174, 172, 181, 171, 164
175, 182, 172, 172, 174, 172, 181, 171, 164
175, 182, 171, 172, 173, 172, 182, 171, 164
176, 183, 171, 172, 173, 172, 181, 171, 166
175, 182, 171, 174, 173, 172, 181, 171, 165
175, 182, 171, 172, 173, 172, 181, 171, 164
176, 182, 172, 174, 173, 173, 181, 171, 166
175, 182, 172, 175, 173, 174, 182, 171, 164
176, 182, 172, 172, 174, 173, 181, 171, 165
176, 183, 172, 172, 173, 174, 181, 171, 163
176, 182, 171, 172, 173, 173, 181, 171, 165
176, 182, 172, 172, 173, 175, 181, 171, 165
176, 182, 172, 172, 173, 173, 182, 171, 166
175, 182, 171, 172, 173, 173, 181, 171, 163
176, 182, 171, 172, 173, 173, 182, 172, 163
175, 182, 171, 174, 173, 173, 181, 171, 163
176, 182, 171, 173, 174, 173, 181, 171, 163
175, 182, 170, 173, 173, 173, 181, 171, 166
176, 182, 172, 173, 173, 173, 181, 171, 165
175, 182, 172, 173, 173, 173, 181, 171, 162
177, 182, 172, 173, 173, 173, 181, 169, 165
176, 183, 172, 173, 173, 174, 181, 171, 166
175, 183, 172, 173, 173, 173, 181, 171, 163
176, 182, 172, 173, 173, 173, 181, 171, 163
175, 183, 172, 176, 173, 173, 181, 171, 164
176, 182, 172, 175, 173, 173, 181, 171, 165
175, 182, 172, 173, 173, 172, 181, 171, 165
176, 183, 172, 173, 173, 172, 181, 171, 165
176, 182, 172, 173, 173, 172, 182, 171, 166
175, 182, 171, 173, 173, 172, 181, 170, 165
176, 182, 171, 173, 173, 172, 181, 171, 163
175, 182, 172, 173, 173, 172, 181, 171, 164
175, 183, 172, 173, 173, 172, 181, 171, 164
176, 182, 172, 173, 173, 172, 181, 171, 164
176, 183, 172, 173, 174, 172, 181, 171, 165
175, 182, 172, 173, 173, 173, 182, 171, 165
176, 182, 172, 175, 173, 173, 182, 171, 163
176, 182, 172, 173, 173, 172, 181, 170, 165
176, 182, 172, 173, 173, 173, 181, 171, 165
176, 182, 172, 176, 173, 173, 181, 171, 165
175, 182, 172, 173, 173, 172, 181, 171, 165
176, 183, 172, 176, 173, 173, 181, 171, 164
175, 181, 172, 173, 173, 173, 181, 171, 164
176, 181, 172, 173, 174, 173, 182, 171, 165
175, 181, 171, 176, 173, 172, 181, 171, 165
177, 181, 172, 173, 173, 173, 182, 171, 163
176, 181, 171, 175, 173, 172, 182, 171, 165
176, 181, 172, 175, 173, 172, 181, 171, 165
176, 181, 172, 173, 173, 172, 181, 171, 164
176, 181, 171, 173, 173, 172, 182, 171, 165
176, 181, 172, 173, 173, 174, 181, 171, 165
176, 181, 173, 173, 174, 172, 181, 171, 165
175, 181, 172, 173, 174, 172, 181, 171, 164
177, 181, 172, 175, 174, 173, 181, 171, 164
175, 181, 171, 173, 174, 172, 181, 171, 165
176, 181, 172, 173, 174, 174, 181, 171, 165
176, 181, 171, 173, 174, 174, 181, 171, 165
176, 182, 172, 173, 174, 173, 181, 171, 164
175, 182, 172, 176, 174, 173, 182, 171, 165
177, 181, 172, 176, 176, 173, 182, 171, 165
177, 181, 172, 175, 174, 173, 181, 171, 165
177, 182, 170, 175, 174, 173, 182, 170, 165
177, 181, 172, 173, 174, 175, 181, 171, 162
177, 182, 172, 173, 174, 173, 181, 171, 162
177, 182, 172, 173, 174, 173, 182, 171, 165
176, 181, 172, 173, 174, 174, 181, 171, 166
177, 181, 172, 173, 174, 173, 182, 171, 163
177, 182, 172, 173, 174, 172, 181, 171, 163
176, 182, 172, 173, 174, 173, 182, 171, 166
177, 181, 172, 172, 174, 172, 181, 170, 165
177, 181, 172, 173, 174, 172, 181, 171, 165
177, 181, 172, 173, 174, 172, 182, 171, 165
177, 182, 172, 173, 174, 173, 181, 170, 163
176, 183, 170, 173, 174, 172, 181, 170, 165
178, 182, 172, 176, 174, 172, 181, 170, 165
176, 182, 172, 173, 173, 173, 181, 170, 163
177, 183, 172, 173, 174, 173, 181, 170, 163
177, 182, 172, 176, 174, 173, 182, 170, 166
178, 182, 172, 173, 174, 174, 181, 169, 166
176, 183, 172, 175, 175, 173, 181, 170, 166
177, 183, 172, 173, 176, 173, 182, 170, 163
176, 182, 171, 173, 174, 173, 182, 170, 165
176, 183, 172, 173, 174, 173, 181, 171, 165
175, 182, 172, 173, 174, 174, 181, 171, 165
176, 182, 172, 173, 174, 173, 181, 170, 163
176, 183, 172, 175, 174, 173, 181, 171, 163
175, 182, 172, 176, 174, 173, 182, 171, 166
176, 183, 171, 173, 174, 174, 181, 171, 164
175, 183, 172, 173, 174, 173, 181, 171, 165
175, 183, 172, 175, 174, 173, 181, 171, 163
175, 182, 172, 173, 174, 173, 181, 171, 166
176, 182, 172, 173, 176, 173, 181, 171, 165
176, 182, 172, 173, 175, 173, 182, 170, 165
176, 182, 172, 173, 174, 174, 181, 171, 165
176, 182, 172, 173, 174, 174, 181, 170, 166
177, 183, 172, 173, 174, 173, 181, 172, 163
176, 182, 172, 173, 174, 174, 181, 171, 166
176, 183, 172, 176, 174, 173, 181, 171, 165
176, 183, 172, 176, 174, 174, 182, 170, 164
176, 182, 172, 173, 174, 173, 181, 171, 165
176, 182, 171, 173, 174, 173, 181, 171, 166
176, 183, 172, 173, 176, 174, 181, 171, 163
176, 182, 172, 173, 174, 174, 182, 170, 163
176, 182, 172, 173, 174, 174, 181, 171, 164
175, 183, 172, 173, 174, 173, 182, 171, 165
175, 183, 172, 176, 176, 173, 181, 172, 165
176, 183, 172, 175, 174, 173, 181, 171, 166
175, 182, 172, 173, 174, 173, 182, 171, 165
176, 183, 171, 173, 176, 173, 182, 171, 163
175, 182, 172, 173, 176, 173, 182, 170, 163
176, 182, 173, 173, 174, 174, 182, 170, 163
176, 182, 172, 173, 174, 173, 182, 171, 165
176, 183, 172, 173, 174, 173, 181, 171, 167
176, 182, 172, 173, 174, 173, 182, 170, 165
176, 182, 172, 173, 174, 173, 181, 170, 165
176, 183, 172, 173, 174, 173, 181, 171, 163
176, 183, 172, 175, 174, 173, 181, 171, 165
176, 182, 172, 173, 174, 173, 181, 171, 165
176, 183, 172, 173, 174, 173, 181, 171, 165
176, 182, 172, 173, 174, 173, 181, 171, 164
176, 182, 172, 173, 174, 173, 181, 171, 165
175, 182, 172, 173, 174, 174, 182, 171, 166
176, 182, 172, 173, 174, 173, 181, 171, 164
175, 182, 172, 173, 174, 173, 181, 171, 165
175, 183, 172, 175, 174, 173, 181, 170, 166
176, 182, 172, 173, 175, 173, 181, 172, 165
176, 182, 172, 173, 174, 173, 182, 171, 165
176, 182, 172, 173, 176, 173, 181, 171, 163
176, 182, 172, 175, 174, 173, 181, 171, 166
176, 182, 171, 172, 174, 173, 181, 171, 163
176, 182, 172, 176, 175, 173, 181, 171, 163
176, 183, 172, 173, 174, 173, 181, 171, 165
176, 182, 171, 173, 174, 173, 181, 171, 165
174, 182, 172, 173, 174, 173, 181, 171, 163
176, 183, 171, 175, 174, 173, 181, 171, 166
175, 183, 172, 173, 174, 173, 181, 171, 165
175, 182, 172, 175, 174, 173, 181, 171, 165
175, 183, 172, 173, 174, 173, 181, 171, 166
176, 182, 172, 176, 176, 173, 181, 171, 165
176, 182, 172, 173, 174, 173, 181, 171, 164
176, 182, 172, 173, 174, 173, 182, 171, 165
176, 182, 172, 176, 174, 173, 181, 172, 165
177, 182, 171, 175, 174, 173, 181, 171, 165
176, 182, 172, 176, 174, 173, 181, 171, 165
176, 183, 172, 173, 174, 174, 181, 171, 163
176, 182, 172, 173, 174, 173, 181, 171, 164
176, 182, 172, 175, 174, 173, 181, 170, 165
176, 183, 172, 175, 175, 173, 181, 171, 165
175, 182, 172, 173, 174, 173, 182, 171, 163
176, 182, 173, 176, 174, 174, 181, 171, 164
176, 182, 171, 173, 174, 173, 181, 170, 163
175, 182, 171, 173, 174, 173, 181, 171, 163
176, 182, 172, 173, 174, 173, 181, 171, 165
175, 183, 172, 175, 174, 174, 182, 171, 163
177, 182, 171, 173, 174, 173, 182, 171, 163
176, 182, 171, 173, 174, 173, 182, 171, 163
175, 182, 172, 175, 174, 173, 181, 171, 163
176, 183, 172, 173, 174, 173, 181, 171, 165
177, 183, 172, 173, 174, 173, 182, 171, 165
176, 182, 172, 173, 174, 173, 181, 170, 165
176, 182, 172, 175, 174, 173, 181, 171, 163
176, 183, 172, 175, 175, 174, 181, 171, 165
176, 182, 173, 173, 174, 173, 181, 171, 166
176, 183, 172, 173, 174, 173, 181, 170, 166
176, 182, 172, 172, 174, 173, 181, 171, 166
176, 183, 172, 172, 174, 173, 181, 171, 166
176, 182, 172, 174, 174, 173, 181, 171, 163
176, 182, 172, 172, 174, 174, 181, 171, 166
176, 182, 172, 172, 174, 173, 181, 171, 164
175, 183, 172, 172, 174, 173, 182, 171, 166
175, 182, 171, 174, 174, 173, 181, 171, 165
176, 182, 171, 174, 176, 173, 182, 172, 167
175, 183, 171, 174, 174, 173, 182, 171, 166
175, 182, 173, 172, 174, 173, 181, 171, 164
176, 182, 172, 172, 174, 173, 181, 171, 166
176, 182, 172, 173, 174, 174, 181, 171, 164
175, 182, 172, 173, 174, 173, 181, 171, 166
176, 183, 172, 173, 174, 174, 182, 171, 165
175, 182, 172, 173, 174, 173, 182, 171, 166
176, 183, 172, 173, 174, 173, 182, 171, 166
176, 183, 172, 173, 173, 173, 182, 171, 164
176, 182, 172, 176, 174, 174, 182, 170, 166
175, 183, 172, 173, 174, 174, 181, 171, 166
175, 182, 172, 173, 174, 173, 181, 171, 166
175, 183, 172, 175, 174, 173, 181, 170, 166
176, 182, 171, 173, 174, 173, 182, 171, 166
176, 183, 172, 173, 174, 173, 181, 171, 163
178, 182, 172, 173, 174, 173, 181, 172, 164
175, 182, 171, 173, 174, 173, 181, 171, 166
175, 182, 172, 173, 174, 173, 181, 172, 166
176, 182, 172, 173, 174, 173, 181, 171, 166
176, 182, 172, 173, 174, 173, 181, 170, 166
176, 182, 172, 173, 174, 174, 181, 170, 165
176, 182, 172, 173, 174, 173, 182, 171, 166
176, 182, 172, 173, 174, 173, 181, 171, 166
176, 182, 172, 173, 174, 175, 181, 171, 166
175, 182, 172, 176, 174, 173, 182, 171, 166
176, 182, 171, 172, 174, 173, 181, 171, 166
175, 182, 173, 172, 174, 173, 182, 171, 164
176, 182, 172, 172, 174, 174, 181, 171, 167
176, 182, 173, 175, 174, 175, 181, 171, 164
176, 182, 173, 172, 174, 173, 181, 171, 164
176, 182, 171, 172, 174, 173, 181, 171, 164
175, 182, 172, 175, 174, 173, 182, 171, 164
176, 182, 172, 172, 174, 174, 181, 171, 166
176, 182, 172, 174, 174, 174, 182, 171, 165
176, 182, 172, 172, 174, 173, 182, 171, 166
176, 182, 171, 175, 174, 173, 182, 171, 164
176, 182, 171, 172, 174, 173, 182, 171, 166
175, 182, 172, 174, 174, 173, 182, 171, 166
176, 182, 172, 172, 174, 173, 181, 171, 166
176, 182, 172, 174, 174, 173, 182, 171, 166
176, 182, 172, 174, 174, 174, 181, 170, 164
176, 182, 172, 175, 174, 173, 181, 171, 166
176, 182, 172, 172, 174, 174, 181, 171, 164
176, 182, 172, 172, 174, 173, 182, 171, 166
176, 182, 172, 174, 176, 173, 182, 171, 165
176, 182, 172, 174, 174, 173, 182, 171, 166
176, 182, 171, 172, 174, 173, 181, 171, 164
176, 182, 172, 174, 174, 174, 182, 170, 167
176, 182, 172, 172, 174, 173, 182, 171, 164
175, 182, 171, 172, 174, 173, 181, 172, 167
175, 183, 172, 172, 174, 173, 182, 171, 166
176, 182, 172, 172, 174, 174, 181, 171, 166
175, 182, 171, 174, 174, 173, 181, 171, 167
175, 182, 172, 172, 174, 173, 182, 171, 164
175, 183, 172, 174, 174, 173, 181, 171, 166
176, 182, 172, 172, 174, 173, 182, 171, 166
176, 182, 172, 174, 174, 173, 182, 171, 165
176, 183, 172, 172, 174, 174, 181, 171, 166
176, 183, 172, 172, 174, 173, 182, 171, 164
177, 182, 172, 172, 174, 173, 181, 171, 165
176, 182, 172, 172, 174, 173, 182, 171, 166
175, 183, 172, 174, 174, 173, 181, 171, 166
176, 182, 172, 172, 174, 175, 181, 171, 165
175, 182, 171, 172, 174, 173, 181, 170, 164
176, 183, 171, 174, 174, 173, 182, 171, 166
176, 183, 172, 172, 174, 173, 182, 170, 166
176, 183, 171, 172, 174, 173, 182, 171, 166
176, 182, 172, 172, 174, 174, 181, 172, 164
176, 183, 172, 172, 174, 173, 182, 171, 164
175, 183, 172, 172, 174, 173, 181, 170, 166
176, 182, 171, 172, 174, 173, 182, 171, 164
175, 182, 171, 174, 174, 173, 181, 171, 166
176, 182, 172, 172, 174, 175, 181, 171, 166
175, 183, 172, 172, 174, 173, 181, 172, 165
176, 182, 172, 172, 174, 173, 181, 171, 163
176, 182, 172, 175, 174, 173, 181, 170, 166
176, 182, 172, 174, 174, 173, 181, 171, 165
175, 181, 172, 172, 174, 173, 181, 171, 166
176, 183, 172, 175, 174, 173, 181, 171, 167
175, 182, 171, 172, 174, 173, 181, 171, 164
175, 182, 172, 172, 174, 173, 181, 171, 165
176, 183, 172, 175, 174, 173, 181, 171, 167
177, 182, 171, 172, 174, 173, 181, 171, 166
176, 182, 171, 172, 174, 173, 181, 171, 165
176, 182, 171, 172, 174, 173, 181, 171, 166
176, 183, 172, 172, 176, 173, 181, 171, 166
175, 182, 172, 175, 174, 172, 182, 171, 164
175, 183, 171, 175, 174, 173, 181, 171, 167
176, 182, 172, 172, 174, 173, 181, 171, 166
175, 182, 172, 172, 174, 173, 182, 171, 163
175, 182, 172, 175, 174, 174, 181, 172, 166
176, 182, 171, 172, 174, 175, 182, 170, 166
176, 182, 172, 175, 174, 174, 181, 171, 166
175, 183, 172, 172, 174, 174, 181, 171, 164
175, 182, 171, 172, 174, 173, 181, 171, 165
176, 182, 172, 172, 174, 173, 181, 170, 164
175, 182, 172, 172, 176, 173, 181, 171, 164
176, 182, 172, 172, 174, 173, 182, 171, 166
175, 182, 172, 172, 174, 173, 182, 170, 167
176, 181, 172, 172, 174, 173, 181, 171, 167
176, 182, 171, 174, 174, 173, 181, 170, 165
176, 182, 171, 172, 174, 173, 182, 170, 163
177, 182, 171, 172, 175, 173, 182, 170, 165
177, 182, 172, 172, 174, 173, 181, 170, 167
175, 182, 172, 172, 174, 173, 181, 169, 167
175, 183, 172, 172, 175, 173, 181, 170, 166
176, 182, 172, 172, 174, 173, 181, 170, 165
177, 182, 172, 174, 174, 173, 182, 169, 166
176, 182, 171, 172, 176, 173, 180, 170, 166
175, 182, 172, 174, 174, 173, 182, 170, 163
176, 182, 172, 175, 174, 173, 181, 170, 166
176, 181, 172, 172, 174, 173, 181, 170, 165
176, 182, 171, 172, 176, 173, 181, 170, 166
176, 183, 171, 174, 174, 173, 182, 169, 164
175, 183, 172, 172, 175, 173, 182, 170, 165
176, 182, 170, 172, 174, 173, 181, 169, 163
176, 183, 172, 172, 174, 173, 182, 170, 165
176, 182, 171, 174, 174, 173, 182, 168, 166
177, 182, 171, 172, 174, 173, 181, 18, 166
175, 182, 171, 172, 174, 173, 181, 14, 167
176, 182, 172, 172, 174, 173, 181, 15, 166
169, 183, 172, 172, 174, 174, 181, 18, 165
27, 182, 171, 172, 174, 173, 181, 19, 166
23, 182, 172, 174, 174, 174, 181, 15, 166
22, 182, 172, 172, 174, 40, 181, 24, 166
28, 182, 172, 175, 174, 18, 182, 170, 166
33, 183, 172, 172, 174, 22, 182, 168, 166
18, 182, 172, 172, 174, 27, 182, 168, 169
19, 182, 171, 175, 174, 20, 181, 168, 164
27, 183, 130, 174, 175, 17, 181, 168, 166
20, 182, 44, 172, 174, 20, 181, 169, 164
175, 183, 15, 172, 174, 20, 181, 169, 161
176, 183, 17, 172, 174, 22, 181, 169, 14
177, 182, 24, 175, 174, 19, 182, 169, 5
176, 182, 24, 175, 174, 25, 182, 169, 4
176, 183, 23, 172, 176, 172, 182, 171, 10
176, 183, 22, 172, 174, 172, 182, 171, 9
176, 182, 15, 172, 174, 173, 181, 171, 12
176, 182, 24, 172, 174, 172, 181, 170, 5
175, 182, 86, 172, 174, 172, 54, 171, 7
176, 183, 72, 175, 176, 172, 30, 170, 7
176, 182, 171, 175, 174, 173, 24, 171, 29
175, 182, 172, 174, 174, 173, 23, 170, 7
175, 183, 172, 174, 174, 173, 28, 170, 162
176, 182, 172, 172, 174, 173, 25, 170, 168
176, 181, 172, 174, 174, 173, 24, 170, 167
176, 180, 172, 172, 174, 173, 146, 170, 167
176, 177, 172, 172, 174, 173, 32, 170, 166
175, 39, 172, 174, 174, 173, 172, 170, 165
176, 33, 171, 172, 174, 174, 182, 170, 165
176, 32, 172, 172, 174, 173, 181, 171, 164
176, 34, 172, 174, 175, 172, 181, 170, 167
175, 28, 172, 168, 173, 172, 181, 171, 165
175, 30, 172, 22, 22, 172, 181, 170, 166
176, 35, 172, 27, 20, 172, 182, 172, 165
176, 150, 172, 20, 17, 173, 181, 171, 165
175, 182, 171, 25, 20, 172, 181, 170, 167
176, 183, 171, 19, 20, 172, 182, 171, 165
176, 182, 172, 22, 22, 172, 182, 170, 165
175, 182, 172, 24, 17, 172, 181, 171, 167
175, 183, 172, 20, 18, 172, 181, 171, 167
176, 182, 172, 27, 24, 172, 182, 171, 166
175, 182, 172, 137, 22, 172, 181, 171, 166
176, 182, 172, 173, 23, 172, 181, 171, 166
176, 182, 172, 174, 22, 172, 182, 172, 167
176, 182, 172, 172, 25, 172, 181, 171, 167
176, 182, 172, 172, 24, 172, 181, 171, 164
176, 182, 170, 172, 18, 172, 182, 171, 165
176, 182, 172, 172, 24, 172, 181, 171, 164
176, 183, 172, 172, 20, 173, 181, 170, 166
175, 182, 171, 172, 28, 172, 181, 170, 164
175, 182, 172, 172, 27, 173, 181, 171, 165
176, 182, 172, 172, 24, 175, 181, 171, 163
176, 182, 172, 172, 28, 174, 182, 171, 166
176, 182, 172, 172, 28, 173, 181, 171, 166
176, 182, 171, 173, 17, 173, 181, 171, 165
175, 182, 172, 173, 165, 173, 182, 171, 164
176, 182, 171, 175, 176, 173, 182, 171, 166
177, 182, 171, 175, 176, 173, 181, 170, 166
176, 182, 170, 173, 174, 173, 181, 171, 164
176, 182, 172, 173, 174, 173, 181, 171, 164
175, 182, 171, 173, 174, 173, 182, 171, 166
176, 182, 172, 173, 174, 172, 182, 171, 164
175, 183, 172, 173, 174, 172, 181, 171, 164
176, 182, 171, 173, 174, 172, 181, 171, 165
176, 182, 172, 173, 176, 172, 181, 171, 166
176, 182, 172, 173, 174, 172, 182, 171, 164
176, 182, 172, 175, 174, 172, 181, 171, 167
175, 183, 172, 173, 174, 172, 181, 171, 166
176, 183, 172, 173, 174, 172, 181, 171, 165
176, 182, 172, 173, 174, 172, 181, 171, 166
176, 182, 171, 173, 174, 172, 182, 171, 167
176, 182, 172, 175, 174, 173, 181, 171, 163
177, 183, 172, 173, 174, 174, 181, 170, 165
176, 182, 172, 173, 174, 173, 182, 172, 166
176, 182, 172, 175, 174, 173, 182, 170, 164
176, 183, 172, 173, 174, 173, 181, 171, 166
175, 183, 171, 173, 174, 173, 182, 171, 165
176, 182, 172, 173, 174, 174, 181, 171, 165
177, 182, 172, 173, 174, 173, 182, 171, 167
177, 182, 171, 176, 174, 173, 182, 171, 165
176, 182, 172, 173, 174, 173, 182, 171, 167
178, 182, 172, 173, 174, 173, 181, 171, 166
176, 182, 171, 173, 174, 173, 181, 171, 167
175, 183, 172, 173, 174, 174, 181, 172, 167
176, 182, 171, 173, 174, 174, 182, 171, 168
176, 182, 171, 176, 174, 174, 181, 171, 165
176, 182, 171, 176, 174, 173, 181, 171, 167
175, 183, 172, 176, 174, 173, 181, 170, 166
176, 182, 172, 176, 174, 173, 181, 171, 167
176, 182, 172, 173, 174, 173, 182, 169, 166
175, 182, 172, 173, 174, 173, 181, 170, 166
176, 182, 172, 173, 174, 173, 182, 170, 164
176, 182, 172, 173, 175, 174, 181, 170, 166
175, 182, 170, 175, 174, 173, 181, 170, 167
176, 182, 172, 173, 174, 173, 181, 170, 164
176, 182, 172, 173, 175, 173, 181, 170, 166
175, 182, 173, 173, 174, 173, 182, 169, 166
176, 182, 172, 175, 174, 173, 181, 170, 164
175, 182, 172, 176, 174, 119, 181, 170, 166
175, 182, 149, 175, 174, 50, 182, 171, 163
89, 182, 49, 173, 174, 50, 181, 167, 165
49, 182, 49, 175, 174, 52, 181, 47, 43
45, 182, 50, 173, 174, 52, 181, 40, 118
45, 182, 49, 175, 174, 142, 181, 42, 43
90, 182, 49, 173, 174, 173, 182, 40, 40
174, 182, 53, 173, 174, 173, 65, 40, 40
176, 182, 169, 173, 174, 174, 58, 40, 43
176, 182, 171, 173, 174, 173, 59, 42, 164
175, 180, 172, 173, 174, 173, 56, 47, 166
176, 164, 172, 173, 176, 173, 168, 165, 166
175, 171, 172, 173, 174, 173, 182, 170, 166
175, 182, 172, 173, 174, 173, 181, 170, 165
175, 182, 171, 167, 174, 173, 182, 169, 164
175, 183, 172, 115, 174, 173, 182, 170, 166
175, 182, 172, 174, 174, 174, 181, 170, 165
176, 183, 170, 173, 174, 173, 181, 170, 165
176, 182, 171, 173, 169, 173, 182, 170, 164
176, 183, 171, 173, 58, 173, 182, 170, 164
176, 183, 172, 173, 54, 173, 181, 169, 166
175, 182, 172, 173, 53, 173, 181, 169, 164
176, 182, 172, 173, 54, 173, 182, 169, 166
176, 183, 172, 175, 54, 173, 182, 170, 166
176, 183, 172, 173, 137, 173, 181, 170, 166
175, 182, 171, 173, 174, 173, 182, 170, 165
176, 182, 172, 173, 174, 173, 181, 170, 166
176, 183, 173, 175, 174, 174, 182, 170, 166
175, 182, 172, 175, 174, 174, 181, 170, 167
176, 182, 172, 175, 174, 173, 182, 170, 164
176, 182, 172, 173, 174, 174, 181, 170, 164
175, 182, 171, 176, 174, 173, 182, 170, 166
176, 182, 172, 175, 174, 173, 182, 170, 164
176, 183, 172, 173, 174, 173, 181, 170, 164
176, 182, 171, 175, 174, 174, 181, 170, 166
176, 183, 172, 173, 174, 174, 181, 170, 164
176, 182, 172, 173, 174, 174, 181, 170, 164
175, 182, 172, 175, 174, 173, 181, 170, 166
176, 182, 171, 175, 174, 173, 181, 169, 164
176, 182, 172, 173, 174, 173, 181, 170, 165
176, 182, 171, 173, 174, 173, 181, 170, 165
176, 182, 172, 173, 174, 173, 181, 170, 166
176, 182, 171, 173, 174, 173, 181, 170, 166
176, 182, 172, 173, 174, 174, 181, 170, 164
176, 182, 172, 175, 174, 173, 181, 170, 164
176, 182, 172, 173, 174, 173, 181, 170, 165
176, 182, 172, 176, 174, 173, 181, 170, 166
176, 182, 171, 173, 174, 173, 181, 169, 166
175, 182, 172, 175, 174, 173, 182, 170, 166
176, 182, 172, 176, 174, 173, 182, 170, 164
175, 182, 172, 173, 174, 173, 182, 169, 167
176, 182, 172, 173, 174, 173, 181, 169, 166
176, 182, 172, 176, 174, 173, 181, 170, 164
175, 182, 172, 173, 174, 174, 182, 170, 167
176, 182, 172, 176, 174, 173, 181, 170, 165
176, 182, 172, 173, 175, 173, 182, 170, 166
176, 182, 172, 175, 174, 173, 182, 170, 164
175, 182, 172, 173, 174, 173, 182, 170, 165
175, 182, 172, 173, 174, 173, 182, 170, 166
175, 182, 172, 176, 174, 175, 182, 170, 166
175, 182, 172, 173, 174, 173, 182, 170, 166
176, 182, 172, 176, 174, 173, 181, 170, 166
175, 182, 172, 175, 174, 175, 182, 170, 165
176, 182, 171, 173, 174, 173, 181, 170, 164
175, 182, 172, 173, 174, 173, 181, 171, 167
176, 182, 170, 175, 174, 173, 181, 170, 166
176, 182, 172, 173, 174, 173, 182, 170, 164
176, 181, 172, 175, 174, 174, 181, 170, 165
176, 181, 172, 175, 174, 173, 181, 170, 164
176, 182, 172, 173, 174, 174, 181, 170, 166
175, 182, 172, 173, 174, 175, 182, 170, 166
176, 181, 171, 173, 176, 173, 181, 170, 166
176, 182, 172, 173, 174, 173, 181, 170, 166
176, 182, 172, 173, 174, 173, 181, 169, 167
176, 182, 172, 173, 174, 173, 181, 169, 166
175, 182, 172, 173, 174, 173, 181, 170, 164
175, 182, 172, 173, 174, 173, 181, 170, 167
175, 182, 171, 173, 174, 173, 182, 170, 166
176, 182, 172, 173, 174, 173, 181, 170, 164
175, 182, 171, 175, 174, 174, 181, 170, 164
176, 182, 171, 173, 174, 173, 181, 170, 167
175, 182, 172, 173, 174, 174, 181, 170, 164
175, 182, 172, 173, 174, 173, 181, 169, 164
175, 181, 172, 173, 174, 172, 181, 126, 165
176, 182, 171, 173, 174, 173, 181, 78, 164
175, 182, 172, 173, 174, 173, 182, 79, 164
175, 182, 172, 173, 174, 173, 181, 79, 167
105, 182, 172, 173, 174, 172, 182, 86, 164
89, 183, 172, 173, 174, 101, 182, 167, 166
88, 182, 172, 176, 174, 92, 181, 170, 165
99, 182, 172, 173, 174, 154, 181, 170, 166
169, 182, 169, 176, 174, 175, 181, 170, 163
174, 182, 168, 173, 174, 174, 182, 170, 164
175, 182, 172, 176, 174, 173, 182, 170, 166
176, 183, 172, 176, 174, 173, 181, 170, 165
175, 182, 172, 173, 174, 173, 181, 170, 166
175, 183, 171, 172, 174, 173, 181, 170, 164
176, 182, 171, 172, 174, 174, 181, 170, 166
175, 182, 172, 172, 174, 173, 182, 170, 168
176, 183, 172, 172, 174, 173, 181, 170, 164
176, 182, 171, 172, 143, 173, 182, 170, 166
175, 182, 171, 174, 86, 173, 181, 170, 164
176, 182, 171, 172, 85, 173, 181, 169, 166
176, 182, 172, 174, 89, 173, 181, 170, 166
176, 182, 172, 172, 174, 174, 182, 170, 165
176, 182, 172, 172, 174, 173, 182, 170, 165
176, 182, 172, 172, 174, 173, 181, 170, 164
176, 182, 172, 172, 174, 173, 181, 170, 166
176, 182, 171, 174, 174, 173, 181, 170, 165
176, 182, 171, 175, 174, 174, 181, 170, 164
176, 182, 172, 174, 174, 173, 182, 170, 164
176, 182, 172, 174, 174, 173, 181, 169, 164
176, 182, 172, 172, 174, 173, 181, 170, 165
175, 182, 173, 172, 176, 173, 181, 172, 165
175, 182, 171, 172, 174, 173, 181, 170, 164
176, 182, 172, 175, 174, 173, 181, 170, 163
175, 182, 172, 172, 175, 173, 181, 170, 163
175, 183, 172, 172, 174, 173, 182, 170, 165
176, 182, 171, 174, 174, 173, 182, 170, 165
176, 182, 172, 175, 174, 174, 182, 170, 165
176, 182, 171, 172, 174, 173, 182, 169, 165
176, 182, 172, 172, 174, 173, 181, 170, 165
176, 182, 172, 172, 174, 173, 182, 170, 167
176, 183, 172, 172, 174, 173, 181, 170, 164
176, 183, 172, 172, 174, 173, 182, 169, 165
177, 183, 171, 174, 174, 173, 181, 169, 163
175, 182, 172, 172, 174, 173, 181, 170, 165
176, 182, 171, 172, 174, 173, 181, 170, 165
177, 182, 172, 174, 174, 173, 181, 168, 165
176, 182, 171, 172, 174, 173, 181, 170, 164
176, 183, 172, 172, 174, 174, 181, 170, 165
176, 182, 172, 172, 174, 173, 181, 171, 164
176, 182, 172, 172, 174, 174, 181, 171, 165
176, 182, 171, 172, 174, 175, 181, 172, 163
176, 183, 171, 174, 174, 173, 181, 171, 163
176, 182, 172, 172, 174, 174, 181, 171, 163
176, 182, 171, 172, 174, 174, 181, 171, 165
176, 182, 172, 172, 174, 173, 181, 171, 165
176, 183, 171, 172, 174, 173, 181, 171, 162
176, 182, 171, 172, 174, 173, 182, 171, 165
175, 182, 172, 172, 174, 173, 181, 171, 165
176, 182, 172, 172, 175, 173, 182, 171, 163
176, 182, 172, 172, 174, 173, 182, 171, 165
176, 182, 171, 172, 176, 174, 181, 170, 165
176, 182, 172, 174, 174, 173, 181, 171, 165
176, 182, 172, 172, 174, 174, 181, 170, 165
176, 183, 172, 172, 174, 173, 181, 171, 164
176, 182, 172, 172, 174, 173, 182, 171, 163
176, 183, 172, 172, 174, 173, 181, 171, 165
175, 182, 173, 172, 176, 173, 180, 171, 163
176, 182, 172, 174, 174, 173, 181, 171, 164
175, 182, 172, 173, 174, 173, 181, 171, 164
176, 183, 172, 172, 174, 173, 181, 171, 163
176, 182, 171, 174, 174, 173, 181, 171, 165
176, 183, 172, 172, 174, 173, 182, 171, 165
175, 183, 172, 172, 174, 173, 182, 171, 166
175, 183, 171, 175, 174, 173, 182, 171, 164
176, 182, 171, 172, 176, 173, 182, 150, 164
176, 182, 172, 172, 174, 173, 181, 93, 167
176, 182, 171, 172, 174, 173, 181, 83, 166
176, 183, 172, 174, 174, 173, 181, 79, 164
173, 182, 172, 172, 174, 174, 182, 79, 164
100, 182, 171, 172, 174, 116, 181, 78, 166
88, 182, 172, 172, 174, 92, 181, 78, 165
88, 182, 172, 174, 174, 88, 181, 77, 164
86, 182, 171, 172, 174, 89, 182, 80, 164
88, 183, 167, 172, 174, 90, 182, 105, 164
88, 182, 116, 175, 174, 91, 182, 166, 164
89, 182, 91, 172, 174, 91, 181, 171, 163
99, 183, 89, 172, 176, 125, 181, 171, 151
161, 182, 89, 172, 174, 173, 182, 171, 88
175, 183, 89, 172, 174, 173, 181, 171, 81
176, 183, 90, 174, 174, 174, 178, 171, 81
175, 182, 93, 174, 174, 173, 111, 171, 81
176, 182, 128, 172, 174, 173, 99, 171, 84
176, 182, 169, 172, 174, 173, 101, 171, 86
176, 181, 171, 172, 174, 173, 101, 171, 95
175, 130, 172, 172, 174, 173, 101, 171, 157
175, 104, 172, 172, 174, 173, 101, 171, 163
176, 103, 173, 172, 174, 174, 101, 172, 162
175, 102, 171, 172, 174, 175, 112, 171, 164
176, 102, 173, 172, 174, 173, 174, 171, 165
176, 102, 173, 114, 174, 173, 181, 171, 165
176, 103, 172, 96, 174, 173, 182, 171, 163
175, 103, 173, 95, 174, 174, 182, 172, 166
176, 133, 173, 95, 175, 173, 182, 171, 165
175, 178, 173, 94, 175, 174, 181, 171, 165
176, 181, 173, 93, 175, 174, 181, 171, 165
176, 183, 173, 93, 174, 173, 181, 171, 165
176, 182, 173, 95, 167, 173, 182, 171, 165
175, 183, 173, 95, 150, 173, 182, 172, 165
175, 182, 173, 164, 113, 174, 181, 171, 166
176, 182, 173, 174, 95, 173, 182, 171, 165
176, 182, 173, 172, 86, 174, 181, 171, 163
176, 183, 172, 172, 85, 173, 181, 171, 164
176, 182, 173, 172, 84, 173, 181, 171, 163
176, 182, 173, 174, 83, 173, 181, 171, 165
176, 182, 173, 172, 82, 173, 181, 171, 164
176, 182, 173, 172, 81, 173, 182, 171, 164
176, 182, 171, 175, 80, 173, 181, 171, 165
176, 182, 171, 175, 78, 173, 182, 171, 167
175, 183, 172, 172, 79, 173, 182, 171, 164
177, 182, 172, 172, 78, 173, 181, 171, 166
175, 183, 171, 172, 77, 173, 182, 171, 166
175, 182, 172, 172, 78, 173, 181, 171, 164
176, 182, 171, 175, 76, 174, 181, 171, 166
176, 182, 172, 172, 76, 173, 181, 171, 164
176, 182, 172, 175, 79, 173, 182, 171, 166
175, 182, 172, 172, 79, 173, 182, 170, 166
176, 182, 172, 174, 80, 173, 181, 171, 167
176, 183, 172, 172, 80, 173, 182, 171, 165
176, 182, 172, 172, 81, 174, 181, 170, 163
175, 182, 172, 172, 81, 173, 182, 170, 165
176, 182, 172, 175, 85, 173, 182, 170, 165
175, 183, 172, 172, 90, 173, 181, 170, 163
174, 183, 171, 174, 98, 173, 182, 170, 163
176, 182, 172, 175, 110, 173, 181, 170, 164
176, 182, 172, 175, 120, 173, 182, 171, 165
175, 182, 172, 172, 128, 173, 181, 171, 165
176, 182, 172, 174, 135, 173, 181, 171, 164
176, 182, 172, 172, 138, 173, 181, 170, 162
175, 182, 172, 171, 141, 173, 181, 170, 165
176, 182, 171, 172, 141, 173, 182, 170, 165
176, 182, 172, 172, 139, 173, 181, 170, 165
176, 182, 172, 172, 133, 174, 181, 171, 164
175, 182, 173, 172, 127, 173, 182, 170, 165
176, 183, 171, 172, 119, 173, 182, 170, 164
175, 182, 171, 172, 106, 173, 181, 170, 164
176, 182, 172, 174, 88, 174, 182, 170, 165
176, 182, 172, 172, 80, 173, 182, 171, 163
175, 182, 173, 172, 76, 173, 181, 170, 165
176, 182, 172, 172, 74, 173, 181, 170, 166
176, 182, 172, 172, 73, 174, 181, 170, 164
177, 182, 172, 174, 71, 173, 181, 170, 166
176, 182, 172, 172, 71, 173, 182, 170, 163
175, 182, 172, 172, 73, 173, 181, 170, 165
176, 182, 172, 172, 174, 173, 182, 170, 165
175, 182, 172, 172, 174, 174, 182, 171, 166
176, 182, 172, 172, 174, 173, 181, 171, 166
176, 183, 172, 172, 174, 174, 181, 170, 163
176, 182, 172, 172, 174, 173, 181, 170, 163
176, 182, 172, 172, 174, 173, 182, 170, 165
176, 182, 171, 174, 174, 173, 182, 170, 165
176, 182, 172, 174, 174, 173, 182, 171, 163
175, 182, 172, 172, 174, 173, 181, 170, 162
174, 182, 171, 172, 174, 173, 182, 170, 164
175, 182, 172, 172, 174, 174, 181, 170, 165
175, 182, 172, 172, 174, 173, 181, 170, 165
175, 183, 172, 172, 174, 174, 181, 170, 164
175, 182, 172, 172, 175, 173, 181, 170, 165
175, 182, 172, 175, 174, 173, 181, 170, 164
173, 182, 172, 172, 174, 173, 181, 170, 164
175, 182, 172, 172, 174, 173, 181, 170, 164
174, 182, 172, 172, 174, 173, 181, 169, 165
174, 183, 172, 172, 173, 173, 182, 170, 165
174, 182, 172, 175, 174, 173, 181, 170, 165
175, 182, 172, 175, 174, 173, 181, 170, 165
176, 182, 172, 172, 174, 173, 181, 170, 165
175, 183, 172, 172, 174, 174, 181, 170, 163
176, 183, 172, 172, 174, 174, 181, 170, 165
176, 182, 172, 175, 174, 173, 182, 170, 165
176, 182, 172, 172, 174, 173, 182, 170, 163
176, 182, 172, 175, 174, 173, 181, 170, 165
175, 183, 172, 172, 176, 173, 181, 170, 166
176, 182, 172, 172, 173, 173, 181, 170, 163
176, 182, 171, 172, 152, 173, 182, 170, 166
176, 182, 172, 172, 118, 173, 181, 170, 163
175, 183, 172, 172, 114, 173, 181, 170, 165
175, 182, 172, 172, 115, 173, 182, 170, 163
175, 182, 172, 175, 118, 173, 181, 170, 165
175, 182, 172, 172, 164, 173, 181, 170, 165
175, 183, 172, 172, 174, 174, 181, 170, 163
175, 182, 172, 175, 174, 173, 181, 170, 165
175, 182, 172, 175, 174, 174, 154, 170, 162
175, 182, 169, 172, 174, 173, 166, 170, 132
175, 182, 158, 172, 174, 173, 181, 170, 130
175, 182, 136, 172, 174, 171, 182, 170, 143
173, 182, 136, 172, 174, 160, 182, 170, 165
170, 183, 136, 172, 174, 136, 182, 170, 165
150, 182, 139, 172, 174, 133, 181, 165, 165
136, 182, 169, 174, 174, 133, 181, 148, 163
132, 182, 171, 174, 174, 133, 181, 107, 165
131, 182, 172, 172, 174, 135, 181, 98, 165
133, 182, 172, 172, 174, 163, 181, 97, 163
139, 182, 171, 172, 174, 171, 182, 97, 165
147, 182, 172, 172, 174, 173, 182, 97, 165
162, 182, 172, 172, 174, 174, 182, 97, 164
172, 183, 172, 174, 174, 173, 182, 95, 165
174, 182, 172, 172, 176, 173, 182, 95, 163
177, 182, 171, 172, 174, 174, 181, 96, 164
176, 182, 172, 172, 174, 173, 181, 95, 165
176, 182, 172, 172, 174, 173, 181, 99, 164
176, 182, 172, 174, 174, 173, 181, 113, 165
176, 182, 172, 172, 174, 173, 182, 136, 163
175, 183, 172, 172, 174, 173, 182, 161, 163
175, 182, 172, 172, 174, 173, 182, 166, 164
176, 182, 171, 175, 174, 173, 181, 169, 163
175, 183, 172, 175, 174, 174, 181, 169, 163
175, 182, 171, 172, 174, 173, 181, 169, 164
175, 182, 172, 174, 174, 173, 182, 170, 165
176, 182, 172, 172, 174, 173, 181, 170, 165
176, 182, 171, 174, 174, 173, 182, 170, 165
175, 182, 171, 174, 174, 173, 181, 170, 165
175, 183, 172, 172, 174, 173, 181, 170, 164
175, 182, 172, 172, 175, 173, 182, 170, 164
176, 183, 171, 172, 174, 173, 182, 170, 163
176, 182, 172, 172, 174, 173, 182, 170, 164
176, 182, 172, 172, 174, 173, 182, 170, 163
176, 182, 172, 172, 174, 173, 182, 170, 165
176, 182, 172, 173, 176, 173, 182, 170, 163
176, 182, 172, 175, 174, 173, 182, 170, 163
176, 182, 172, 175, 174, 173, 182, 170, 166
176, 182, 171, 174, 174, 173, 182, 170, 165
176, 182, 172, 172, 174, 173, 182, 170, 165
176, 182, 171, 172, 174, 173, 181, 170, 165
176, 182, 172, 174, 174, 173, 181, 170, 165
176, 182, 172, 172, 174, 173, 182, 170, 165
175, 182, 172, 172, 174, 173, 182, 170, 165
176, 182, 172, 172, 174, 173, 182, 170, 163
176, 182, 170, 172, 174, 173, 182, 170, 163
175, 182, 171, 175, 175, 173, 182, 170, 165
176, 182, 172, 172, 174, 173, 182, 170, 165
176, 183, 172, 172, 174, 173, 181, 170, 163
175, 181, 171, 172, 174, 173, 181, 170, 165
176, 182, 172, 172, 174, 173, 182, 171, 163
175, 182, 172, 172, 174, 173, 181, 170, 164
175, 182, 172, 174, 174, 173, 182, 170, 165
175, 182, 172, 172, 174, 173, 182, 170, 163
175, 182, 172, 172, 174, 173, 181, 170, 165
176, 182, 172, 172, 175, 173, 182, 170, 163
175, 182, 172, 172, 174, 173, 181, 170, 165
175, 182, 172, 172, 174, 173, 182, 170, 164
176, 182, 172, 172, 174, 173, 182, 170, 165
175, 182, 172, 172, 174, 173, 181, 170, 162
174, 182, 172, 174, 175, 173, 181, 171, 165
175, 182, 172, 174, 174, 173, 181, 170, 163
175, 183, 172, 172, 174, 173, 182, 172, 164
176, 182, 172, 172, 174, 173, 181, 170, 166
175, 182, 172, 174, 174, 173, 181, 170, 163
176, 183, 172, 172, 174, 173, 182, 170, 164
176, 182, 172, 172, 174, 173, 182, 170, 165
176, 182, 172, 172, 174, 173, 182, 170, 166
175, 182, 172, 172, 174, 173, 181, 171, 165
176, 182, 172, 172, 174, 174, 182, 170, 164
176, 182, 171, 172, 174, 173, 182, 170, 163
175, 182, 172, 173, 174, 173, 181, 170, 164
176, 182, 172, 173, 176, 173, 182, 170, 166
176, 182, 172, 173, 174, 173, 181, 171, 164
176, 182, 171, 173, 174, 173, 182, 170, 165
176, 183, 172, 175, 174, 173, 180, 170, 164
176, 182, 171, 173, 174, 173, 181, 170, 166
174, 183, 172, 176, 174, 173, 181, 169, 166
175, 182, 172, 173, 174, 173, 181, 170, 165
175, 182, 171, 173, 174, 174, 180, 170, 166
175, 182, 172, 175, 174, 173, 181, 170, 165
176, 182, 174, 173, 174, 173, 181, 170, 165
176, 183, 172, 175, 174, 173, 181, 170, 165
175, 183, 173, 173, 174, 173, 181, 170, 162
175, 182, 172, 173, 174, 173, 180, 170, 165
176, 182, 172, 175, 174, 173, 180, 170, 165
176, 182, 172, 173, 174, 173, 180, 171, 164
175, 182, 171, 175, 174, 173, 181, 170, 162
175, 182, 171, 173, 174, 173, 180, 170, 165
176, 182, 172, 173, 174, 173, 181, 170, 166
176, 182, 172, 173, 174, 173, 181, 170, 163
175, 183, 172, 173, 174, 172, 180, 170, 164
175, 182, 172, 173, 174, 173, 180, 170, 165
176, 182, 172, 173, 174, 173, 181, 170, 165
175, 182, 172, 173, 174, 173, 181, 170, 163
176, 183, 171, 176, 174, 173, 181, 170, 163
176, 182, 172, 176, 174, 173, 181, 170, 165
175, 182, 172, 173, 174, 173, 182, 171, 165
175, 182, 171, 173, 174, 173, 181, 170, 163
177, 182, 172, 173, 174, 173, 181, 172, 165
175, 182, 172, 175, 174, 173, 181, 170, 166
176, 182, 172, 173, 174, 173, 182, 170, 166
176, 182, 172, 175, 174, 173, 181, 170, 166
175, 182, 172, 173, 174, 173, 182, 170, 165
176, 182, 172, 173, 176, 173, 181, 170, 166
176, 183, 172, 173, 174, 174, 180, 170, 163
176, 182, 171, 173, 174, 173, 181, 170, 166
175, 182, 172, 173, 174, 174, 181, 170, 163
176, 182, 172, 173, 174, 173, 180, 170, 166
176, 182, 172, 175, 174, 173, 181, 170, 165
175, 182, 171, 173, 174, 173, 181, 170, 163
176, 182, 171, 175, 174, 173, 181, 171, 165
175, 182, 172, 173, 174, 174, 180, 170, 164
175, 182, 171, 175, 174, 173, 180, 170, 165
175, 182, 172, 174, 174, 174, 181, 171, 166
176, 182, 172, 172, 174, 173, 180, 170, 166
175, 182, 172, 172, 174, 173, 180, 170, 164
176, 182, 171, 175, 174, 173, 180, 171, 166
176, 182, 172, 172, 174, 173, 180, 171, 164
176, 182, 172, 174, 174, 173, 180, 171, 164
176, 183, 171, 172, 174, 174, 180, 171, 164
175, 182, 172, 172, 174, 173, 180, 171, 165
176, 182, 171, 174, 174, 173, 180, 171, 165
175, 182, 171, 174, 174, 173, 181, 171, 166
175, 182, 171, 172, 174, 173, 181, 170, 164
176, 182, 172, 172, 174, 173, 181, 171, 166
174, 182, 171, 172, 174, 173, 182, 172, 166
176, 182, 172, 172, 174, 173, 182, 171, 164
176, 182, 172, 174, 174, 173, 181, 171, 165
176, 182, 172, 172, 174, 173, 181, 171, 165
175, 183, 172, 172, 174, 173, 181, 171, 166
175, 182, 172, 172, 174, 173, 182, 171, 167
176, 182, 171, 175, 174, 173, 181, 171, 166
176, 182, 172, 172, 174, 173, 181, 171, 164
175, 182, 172, 172, 174, 173, 182, 171, 166
175, 183, 172, 175, 176, 173, 181, 171, 163
176, 182, 172, 176, 174, 175, 182, 171, 166
176, 182, 172, 173, 174, 173, 182, 172, 166
176, 183, 172, 173, 174, 173, 181, 171, 166
176, 182, 171, 175, 174, 173, 182, 172, 166
176, 182, 171, 175, 174, 173, 181, 171, 166
176, 183, 172, 176, 174, 173, 181, 171, 165
176, 182, 173, 175, 174, 173, 182, 171, 167
176, 182, 171, 173, 174, 173, 181, 172, 165
175, 183, 172, 173, 174, 173, 182, 171, 166
176, 182, 172, 175, 174, 173, 181, 171, 165
176, 183, 171, 173, 174, 173, 180, 171, 165
176, 182, 171, 173, 174, 173, 181, 171, 163
176, 182, 172, 173, 174, 173, 181, 171, 166
175, 182, 172, 176, 174, 173, 181, 171, 165
176, 182, 172, 173, 174, 173, 181, 171, 165
176, 183, 172, 173, 174, 173, 181, 171, 166
176, 182, 172, 173, 174, 173, 181, 171, 164
176, 182, 171, 175, 174, 173, 181, 171, 166
175, 183, 172, 173, 174, 173, 180, 171, 164
175, 183, 171, 175, 174, 175, 181, 170, 162
176, 182, 173, 173, 174, 173, 182, 171, 163
176, 182, 172, 172, 174, 173, 181, 171, 165
176, 182, 172, 174, 174, 174, 181, 171, 165
176, 182, 171, 172, 174, 173, 181, 172, 162
174, 183, 171, 172, 174, 173, 182, 171, 163
176, 182, 172, 175, 174, 173, 182, 172, 164
176, 183, 172, 174, 174, 173, 181, 171, 162
175, 183, 172, 172, 174, 173, 182, 171, 165
175, 183, 172, 172, 174, 173, 182, 171, 164
175, 182, 173, 172, 175, 173, 182, 171, 166
175, 182, 172, 172, 174, 173, 182, 171, 166
176, 182, 171, 174, 174, 173, 181, 171, 164
176, 183, 171, 172, 174, 173, 181, 171, 166
176, 183, 172, 172, 174, 174, 181, 171, 165
176, 182, 172, 175, 174, 173, 182, 171, 166
175, 183, 172, 175, 174, 173, 181, 171, 166
176, 182, 171, 174, 174, 173, 181, 171, 166
175, 182, 172, 175, 176, 173, 181, 171, 166
176, 182, 172, 172, 174, 173, 182, 171, 167
175, 183, 172, 172, 176, 173, 181, 171, 167
176, 183, 172, 172, 174, 174, 181, 171, 165
176, 183, 172, 175, 174, 173, 182, 171, 163
177, 183, 172, 172, 174, 173, 181, 172, 165
176, 183, 172, 174, 174, 173, 182, 171, 165
175, 182, 172, 174, 174, 173, 182, 171, 164
175, 183, 172, 175, 174, 173, 182, 171, 165
176, 183, 172, 172, 174, 173, 182, 171, 165
176, 183, 172, 172, 174, 173, 181, 171, 165
175, 182, 172, 172, 174, 174, 181, 171, 165
176, 182, 172, 172, 174, 173, 181, 172, 165
177, 182, 171, 172, 174, 175, 181, 171, 165
176, 182, 172, 172, 174, 173, 181, 170, 163
175, 182, 172, 172, 174, 173, 181, 171, 165
176, 182, 172, 172, 174, 173, 181, 171, 163
175, 182, 172, 172, 174, 174, 181, 171, 163
175, 182, 173, 172, 174, 173, 181, 171, 164
175, 182, 172, 172, 174, 173, 181, 172, 165
175, 182, 172, 172, 174, 173, 182, 171, 165
175, 183, 172, 172, 174, 174, 182, 171, 163
175, 182, 172, 172, 174, 173, 182, 171, 163
176, 182, 172, 175, 174, 173, 181, 171, 165
176, 182, 170, 174, 174, 173, 182, 171, 162
176, 182, 172, 172, 174, 174, 181, 171, 165
176, 182, 172, 174, 174, 173, 181, 171, 165
176, 182, 171, 172, 174, 173, 182, 172, 165
176, 183, 171, 172, 174, 173, 181, 171, 163
175, 183, 172, 172, 174, 173, 181, 171, 164
176, 182, 172, 174, 174, 173, 181, 171, 165
176, 183, 172, 172, 174, 173, 182, 171, 165
176, 182, 171, 174, 174, 173, 182, 171, 164
175, 183, 172, 175, 174, 173, 181, 171, 163
176, 182, 172, 174, 174, 173, 181, 171, 164
175, 182, 172, 175, 174, 173, 182, 171, 163
176, 182, 172, 172, 174, 173, 182, 171, 164
176, 183, 172, 174, 174, 173, 181, 171, 165
175, 183, 171, 172, 174, 174, 181, 172, 165
176, 183, 172, 172, 174, 173, 181, 171, 165
175, 183, 172, 172, 174, 173, 182, 171, 163
175, 183, 171, 172, 174, 173, 181, 171, 163
176, 183, 172, 174, 174, 172, 181, 171, 164
176, 182, 172, 172, 174, 173, 182, 171, 163
176, 183, 172, 174, 174, 173, 182, 171, 163
175, 183, 172, 172, 173, 173, 181, 172, 165
176, 183, 172, 172, 173, 173, 181, 171, 165
175, 182, 172, 172, 173, 173, 181, 171, 163
175, 183, 172, 172, 173, 173, 181, 171, 166
176, 182, 172, 174, 173, 174, 181, 171, 164
176, 182, 171, 172, 173, 174, 181, 172, 166
175, 182, 172, 172, 173, 174, 181, 171, 166
176, 182, 172, 174, 173, 174, 181, 171, 164
176, 183, 173, 172, 173, 173, 181, 171, 166
175, 182, 172, 172, 173, 173, 182, 171, 166
176, 182, 172, 175, 173, 173, 181, 172, 163
176, 182, 172, 175, 174, 173, 181, 171, 166
175, 183, 172, 172, 174, 173, 182, 171, 166
176, 183, 172, 172, 174, 173, 181, 171, 164
176, 182, 172, 172, 174, 173, 181, 171, 166
176, 183, 172, 172, 174, 173, 181, 171, 165
175, 182, 172, 172, 174, 173, 181, 171, 164
176, 183, 172, 174, 174, 173, 181, 171, 165
176, 182, 172, 174, 174, 173, 182, 171, 165
174, 183, 172, 175, 174, 173, 181, 172, 165
175, 182, 172, 172, 174, 173, 181, 171, 166
176, 183, 172, 172, 174, 173, 181, 171, 164
176, 182, 172, 172, 174, 173, 182, 171, 167
176, 183, 173, 172, 174, 174, 181, 171, 165
176, 182, 172, 172, 174, 175, 181, 171, 166
176, 182, 172, 172, 174, 173, 181, 170, 166
176, 182, 171, 175, 174, 173, 181, 171, 164
176, 183, 172, 172, 174, 173, 181, 171, 166
176, 182, 172, 172, 174, 173, 181, 172, 166
177, 183, 172, 172, 174, 173, 182, 172, 165
175, 183, 173, 172, 174, 173, 181, 172, 167
177, 183, 171, 172, 174, 173, 182, 171, 165
176, 183, 172, 173, 174, 173, 181, 171, 166
175, 183, 172, 172, 174, 173, 181, 171, 165
175, 183, 172, 173, 174, 173, 181, 171, 166
176, 183, 172, 173, 174, 173, 181, 171, 164
174, 183, 172, 173, 176, 173, 182, 171, 163
176, 183, 172, 173, 174, 174, 182, 171, 166
175, 182, 172, 173, 174, 175, 181, 171, 164
176, 182, 171, 173, 174, 173, 182, 171, 165
176, 182, 172, 173, 174, 174, 182, 172, 166
176, 183, 172, 173, 174, 173, 181, 171, 164
175, 183, 172, 173, 174, 173, 182, 171, 164
176, 183, 172, 173, 174, 174, 182, 171, 164
175, 182, 172, 173, 174, 173, 181, 172, 164
176, 183, 172, 175, 174, 173, 181, 171, 167
176, 182, 172, 173, 174, 173, 182, 171, 164
176, 183, 172, 173, 174, 174, 181, 171, 165
175, 182, 172, 173, 174, 174, 182, 173, 165
176, 183, 172, 173, 174, 173, 181, 171, 166
176, 183, 172, 173, 174, 173, 181, 171, 166
175, 183, 172, 173, 174, 174, 181, 172, 166
176, 182, 172, 173, 174, 173, 181, 171, 166
176, 183, 172, 173, 174, 174, 181, 171, 164
176, 182, 173, 173, 174, 173, 181, 171, 165
175, 182, 172, 173, 174, 173, 181, 171, 166
175, 183, 172, 173, 174, 174, 181, 171, 166
175, 183, 172, 173, 174, 173, 181, 171, 167
175, 183, 171, 173, 174, 173, 182, 171, 165
174, 182, 171, 176, 174, 173, 182, 171, 166
175, 182, 172, 173, 174, 173, 182, 171, 166
175, 182, 171, 173, 174, 173, 181, 171, 164
175, 182, 171, 175, 174, 174, 181, 171, 166
175, 183, 171, 176, 174, 173, 181, 171, 165
175, 182, 172, 176, 174, 174, 181, 171, 164
175, 182, 172, 173, 174, 173, 181, 171, 164
175, 182, 172, 176, 174, 173, 181, 171, 165
175, 183, 171, 172, 176, 174, 181, 171, 166
174, 182, 172, 172, 174, 173, 182, 171, 165
175, 182, 172, 172, 174, 174, 182, 171, 165
175, 182, 172, 172, 174, 173, 182, 172, 164
174, 182, 172, 172, 174, 173, 181, 171, 164
175, 182, 172, 172, 174, 173, 182, 171, 166
175, 183, 172, 172, 174, 173, 182, 171, 166
175, 183, 171, 172, 174, 173, 182, 171, 165
175, 182, 172, 172, 175, 173, 181, 171, 166
175, 182, 172, 172, 174, 174, 181, 171, 166
176, 182, 172, 172, 174, 173, 182, 171, 166
176, 182, 172, 172, 174, 173, 182, 171, 166
176, 182, 172, 174, 174, 173, 182, 171, 166
176, 182, 172, 172, 174, 175, 181, 171, 166
176, 182, 172, 174, 174, 173, 181, 171, 166
175, 182, 172, 172, 174, 173, 182, 171, 164
175, 183, 172, 172, 174, 173, 182, 171, 166
176, 183, 172, 175, 174, 173, 181, 171, 166
176, 182, 172, 172, 174, 173, 182, 171, 166
175, 182, 172, 172, 174, 173, 182, 171, 164
175, 182, 171, 174, 174, 174, 181, 170, 164
176, 183, 172, 172, 174, 173, 182, 171, 167
175, 182, 172, 172, 174, 173, 181, 171, 166
175, 182, 172, 174, 174, 173, 181, 171, 166
175, 182, 172, 172, 174, 173, 181, 171, 166
175, 182, 171, 172, 174, 174, 182, 171, 164
175, 182, 172, 174, 174, 173, 181, 172, 166
176, 182, 172, 172, 174, 173, 181, 171, 166
176, 182, 171, 172, 174, 173, 181, 171, 164
175, 182, 172, 172, 174, 173, 181, 171, 164
176, 182, 172, 172, 174, 173, 182, 171, 166
174, 183, 172, 174, 174, 173, 181, 171, 167
175, 182, 172, 172, 174, 173, 182, 171, 165
176, 182, 172, 171, 174, 173, 182, 172, 164
175, 183, 172, 172, 174, 173, 181, 171, 164
175, 182, 172, 172, 174, 173, 182, 172, 166
176, 183, 171, 172, 174, 173, 181, 171, 165
176, 182, 171, 172, 174, 173, 182, 171, 167
175, 182, 172, 172, 174, 175, 182, 171, 165
175, 182, 172, 172, 174, 173, 181, 172, 166
176, 182, 172, 172, 174, 173, 181, 171, 165
176, 183, 172, 175, 174, 173, 181, 171, 164
176, 183, 172, 172, 174, 173, 182, 171, 164
174, 182, 171, 172, 174, 173, 182, 171, 167
176, 183, 172, 172, 174, 173, 181, 171, 166
176, 182, 172, 174, 174, 174, 181, 171, 166
176, 182, 172, 174, 174, 175, 182, 171, 165
175, 182, 172, 172, 174, 173, 181, 171, 166
176, 182, 172, 172, 174, 173, 181, 171, 166
176, 183, 172, 172, 174, 173, 181, 172, 164
175, 182, 171, 172, 176, 173, 181, 171, 166
174, 182, 172, 172, 174, 173, 181, 171, 166
175, 182, 172, 172, 174, 173, 181, 171, 166
173, 182, 172, 172, 174, 173, 181, 171, 166
174, 183, 172, 172, 174, 174, 182, 171, 166
175, 182, 172, 175, 174, 174, 181, 172, 164
174, 182, 172, 175, 176, 173, 182, 171, 166
175, 182, 172, 174, 174, 173, 181, 171, 165
175, 182, 171, 172, 174, 174, 182, 171, 164
174, 182, 172, 172, 176, 173, 182, 171, 165
174, 182, 172, 175, 174, 173, 182, 171, 166
176, 182, 172, 172, 174, 173, 181, 171, 167
175, 182, 170, 172, 174, 173, 181, 170, 165
175, 182, 172, 175, 174, 173, 182, 170, 163
176, 182, 171, 174, 174, 174, 182, 170, 165
176, 182, 173, 172, 174, 173, 181, 170, 166
174, 182, 172, 175, 174, 173, 182, 170, 166
176, 182, 172, 175, 174, 173, 181, 170, 165
176, 183, 172, 172, 174, 173, 181, 170, 166
175, 182, 171, 172, 176, 174, 181, 171, 164
175, 182, 172, 175, 174, 174, 182, 171, 164
175, 182, 172, 172, 174, 173, 182, 170, 166
176, 182, 172, 172, 174, 173, 182, 170, 166
176, 183, 172, 175, 174, 173, 182, 170, 167
176, 182, 172, 172, 175, 173, 181, 170, 166
176, 182, 172, 174, 174, 174, 181, 170, 164
176, 183, 172, 172, 174, 173, 181, 170, 166
174, 182, 172, 172, 174, 173, 182, 170, 166
176, 182, 172, 174, 174, 174, 182, 171, 165
176, 182, 171, 174, 174, 173, 181, 170, 170
175, 182, 172, 172, 174, 174, 181, 170, 164
176, 183, 172, 175, 174, 173, 182, 170, 167
176, 182, 172, 175, 174, 173, 182, 170, 165
174, 182, 171, 175, 174, 173, 182, 170, 167
175, 182, 172, 172, 174, 173, 181, 170, 166
175, 182, 172, 172, 176, 173, 181, 170, 167
175, 182, 172, 172, 174, 173, 181, 170, 166
176, 182, 172, 174, 174, 173, 182, 170, 166
176, 182, 172, 175, 174, 173, 182, 170, 166
177, 182, 172, 174, 174, 174, 182, 170, 166
176, 183, 172, 172, 174, 174, 181, 170, 166
176, 181, 172, 172, 174, 173, 181, 170, 166
176, 182, 172, 174, 174, 173, 181, 170, 166
176, 182, 172, 175, 174, 173, 181, 171, 166
175, 182, 172, 172, 174, 174, 180, 170, 166
175, 182, 172, 172, 174, 174, 181, 170, 166
176, 182, 171, 175, 174, 173, 180, 170, 165
176, 182, 172, 174, 174, 173, 180, 170, 167
175, 182, 172, 174, 174, 173, 181, 170, 166
176, 182, 172, 175, 175, 173, 180, 170, 167
177, 182, 172, 175, 174, 173, 181, 170, 167
175, 182, 172, 175, 174, 174, 181, 170, 164
175, 183, 172, 172, 174, 173, 180, 170, 166
175, 182, 172, 172, 174, 173, 180, 170, 165
176, 182, 172, 172, 174, 173, 181, 171, 166
175, 182, 172, 174, 174, 174, 180, 170, 164
176, 182, 172, 175, 174, 173, 180, 170, 164
176, 182, 172, 172, 174, 173, 180, 170, 166
175, 183, 172, 172, 174, 173, 181, 170, 166
176, 182, 171, 174, 174, 174, 180, 170, 166
176, 182, 172, 175, 174, 174, 180, 170, 166
175, 182, 172, 174, 174, 173, 181, 171, 166
176, 183, 172, 174, 174, 173, 181, 170, 167
175, 182, 172, 172, 174, 173, 180, 170, 165
175, 182, 172, 172, 174, 174, 180, 170, 165
176, 183, 172, 172, 174, 173, 181, 170, 165
176, 182, 171, 175, 174, 173, 180, 170, 165
176, 182, 172, 175, 174, 173, 181, 170, 166
176, 182, 172, 174, 176, 173, 180, 170, 166
176, 183, 172, 175, 174, 173, 180, 170, 165
176, 182, 171, 175, 174, 173, 181, 170, 165
175, 182, 172, 172, 174, 174, 181, 170, 167
176, 182, 172, 172, 176, 174, 181, 170, 168
175, 182, 172, 172, 176, 174, 180, 170, 164
175, 183, 171, 172, 174, 173, 181, 171, 166
176, 182, 172, 172, 174, 173, 180, 170, 166
176, 183, 172, 172, 174, 173, 181, 170, 166
176, 182, 172, 172, 174, 173, 180, 170, 166
175, 183, 172, 175, 174, 173, 181, 170, 166
176, 182, 172, 173, 174, 173, 181, 172, 164
175, 182, 172, 176, 174, 173, 181, 171, 166
175, 182, 172, 173, 174, 173, 180, 170, 166
176, 182, 172, 176, 174, 173, 181, 170, 164
175, 183, 172, 173, 174, 173, 180, 169, 166
175, 183, 172, 176, 174, 173, 180, 170, 163
175, 183, 172, 176, 174, 173, 181, 169, 164
176, 182, 172, 173, 174, 174, 181, 170, 167
176, 182, 172, 175, 174, 173, 180, 171, 166
176, 182, 172, 172, 174, 173, 180, 170, 166
176, 182, 172, 173, 174, 175, 181, 171, 163
175, 182, 171, 175, 174, 173, 181, 171, 165
175, 182, 172, 172, 174, 173, 180, 170, 167
176, 182, 172, 175, 174, 173, 181, 170, 166
175, 182, 172, 174, 174, 173, 181, 170, 164
175, 183, 172, 172, 174, 173, 181, 170, 163
176, 183, 172, 175, 174, 173, 180, 170, 166
175, 182, 172, 172, 174, 173, 181, 170, 164
176, 182, 171, 175, 174, 173, 180, 170, 166
176, 182, 172, 172, 174, 173, 181, 170, 165